16.4881
16.4306
16.4306
16.4306
16.4306
16.4306
16.4306
16.4306
16.4306
16.4306
16.4306
16.4306
16.4306
16.4306
16.4306
16.4306
16.4306
16.4306
16.4306
16.4306
16.4306
16.3732
16.3732
16.3732
16.3732
16.3732
16.3732
16.3732
16.3732
16.3732
16.3732
16.3732
16.3732
16.3732
16.3732
16.3732
16.3732
16.3732
16.3732
16.3732
16.3732
16.3158
16.3158
16.3158
16.3158
16.3158
16.3158
16.3158
16.3158
16.3158
16.3158
16.3158
16.3158
16.3158
16.3158
16.3158
16.3158
16.3158
16.3158
16.3158
16.3158
16.2583
16.2583
16.2583
16.2583
16.2583
16.2583
16.2583
16.2583
16.2583
16.2583
16.2583
16.2583
16.2583
16.2583
16.2583
16.2583
16.2583
16.2583
16.2583
16.2583
16.2009
16.2009
16.2009
16.2009
16.2009
16.2009
16.2009
16.2009
16.2009
16.2009
16.2009
16.2009
16.2009
16.2009
16.2009
16.2009
16.2009
16.2009
16.2009
16.2009
16.1434
16.1434
16.1434
16.1434
16.1434
16.1434
16.1434
16.1434
16.1434
16.1434
16.1434
16.1434
16.1434
16.1434
16.1434
16.1434
16.1434
16.1434
16.1434
16.1434
16.086
16.086
16.086
16.086
16.086
16.086
16.086
16.086
16.086
16.086
16.086
16.086
16.086
16.086
16.086
16.086
16.086
16.086
16.086
16.086
16.0286
16.0286
16.0286
16.0286
16.0286
16.0286
16.0286
16.0286
16.0286
16.0286
16.0286
16.0286
16.0286
16.0286
16.0286
16.0286
16.0286
16.0286
16.0286
16.0286
15.9711
15.9711
15.9711
15.9711
15.9711
15.9711
15.9711
15.9711
15.9711
15.9711
15.9711
15.9711
15.9711
15.9711
15.9711
15.9711
15.9711
15.9711
15.9711
15.9711
15.9137
15.9137
15.9137
15.9137
15.9137
15.9137
15.9137
15.9137
15.9137
15.9137
15.9137
15.9137
15.9137
15.9137
15.9137
15.9137
15.9137
15.9137
15.9137
15.9137
15.8563
15.8563
15.8563
15.8563
15.8563
15.8563
15.8563
15.8563
15.8563
15.8563
15.8563
15.8563
15.8563
15.8563
15.8563
15.8563
15.8563
15.8563
15.8563
15.8563
15.7988
15.7988
15.7988
15.7988
15.7988
15.7988
15.7988
15.7988
15.7988
15.7988
15.7988
15.7988
15.7988
15.7988
15.7988
15.7988
15.7988
15.7988
15.7988
15.7988
15.7414
15.7414
15.7414
15.7414
15.7414
15.7414
15.7414
15.7414
15.7414
15.7414
15.7414
15.7414
15.7414
15.7414
15.7414
15.7414
15.7414
15.7414
15.7414
15.7414
15.684
15.684
15.684
15.684
15.684
15.684
15.684
15.684
15.684
15.684
15.684
15.684
15.684
15.684
15.684
15.684
15.684
15.684
15.684
15.684
15.6265
15.6265
15.6265
15.6265
15.6265
15.6265
15.6265
15.6265
15.6265
15.6265
15.6265
15.6265
15.6265
15.6265
15.6265
15.6265
15.6265
15.6265
15.6265
15.6265
15.5691
15.5691
15.5691
15.5691
15.5691
15.5691
15.5691
15.5691
15.5691
15.5691
15.5691
15.5691
15.5691
15.5691
15.5691
15.5691
15.5691
15.5691
15.5691
15.5691
15.5117
15.5117
15.5117
15.5117
15.5117
15.5117
15.5117
15.5117
15.5117
15.5117
15.5117
15.5117
15.5117
15.5117
15.5117
15.5117
15.5117
15.5117
15.5117
15.5117
15.4542
15.4542
15.4542
15.4542
15.4542
15.4542
15.4542
15.4542
15.4542
15.4542
15.4542
15.4542
15.4542
15.4542
15.4542
15.4542
15.4542
15.4542
15.4542
15.4542
15.3968
15.3968
15.3968
15.3968
15.3968
15.3968
15.3968
15.3968
15.3968
15.3968
15.3968
15.3968
15.3968
15.3968
15.3968
15.3968
15.3968
15.3968
15.3968
15.3968
15.3393
15.3393
15.3393
15.3393
15.3393
15.3393
15.3393
15.3393
15.3393
15.3393
15.3393
15.3393
15.3393
15.3393
15.3393
15.3393
15.3393
15.3393
15.3393
15.3393
15.2819
15.2819
15.2819
15.2819
15.2819
15.2819
15.2819
15.2819
15.2819
15.2819
15.2819
15.2819
15.2819
15.2819
15.2819
15.2819
15.2819
15.2819
15.2819
15.2819
15.2245
15.2245
15.2245
15.2245
15.2245
15.2245
15.2245
15.2245
15.2245
15.2245
15.2245
15.2245
15.2245
15.2245
15.2245
15.2245
15.2245
15.2245
15.2245
15.2245
15.167
15.167
15.167
15.167
15.167
15.167
15.167
15.167
15.167
15.167
15.167
15.167
15.167
15.167
15.167
15.167
15.167
15.167
15.167
15.167
15.1096
15.1096
15.1096
15.1096
15.1096
15.1096
15.1096
15.1096
15.1096
15.1096
15.1096
15.1096
15.1096
15.1096
15.1096
15.1096
15.1096
15.1096
15.1096
15.1096
15.0522
15.0522
15.0522
15.0522
15.0522
15.0522
15.0522
15.0522
15.0522
15.0522
15.0522
15.0522
15.0522
15.0522
15.0522
15.0522
15.0522
15.0522
15.0522
15.0522
14.9947
14.9947
14.9947
14.9947
14.9947
14.9947
14.9947
14.9947
14.9947
14.9947
14.9947
14.9947
14.9947
14.9947
14.9947
14.9947
14.9947
14.9947
14.9947
14.9947
14.9373
14.9373
14.9373
14.9373
14.9373
14.9373
14.9373
14.9373
14.9373
14.9373
14.9373
14.9373
14.9373
14.9373
14.9373
14.9373
14.9373
14.9373
14.9373
14.9373
14.8798
14.8798
14.8798
14.8798
14.8798
14.8798
14.8798
14.8798
14.8798
14.8798
14.8798
14.8798
14.8798
14.8798
14.8798
14.8798
14.8798
14.8798
14.8798
14.8798
14.8224
14.8224
14.8224
14.8224
14.8224
14.8224
14.8224
14.8224
14.8224
14.8224
14.8224
14.8224
14.8224
14.8224
14.8224
14.8224
14.8224
14.8224
14.8224
14.8224
14.765
14.765
14.765
14.765
14.765
14.765
14.765
14.765
14.765
14.765
14.765
14.765
14.765
14.765
14.765
14.765
14.765
14.765
14.765
14.765
14.7075
14.7075
14.7075
14.7075
14.7075
14.7075
14.7075
14.7075
14.7075
14.7075
14.7075
14.7075
14.7075
14.7075
14.7075
14.7075
14.7075
14.7075
14.7075
14.7075
14.6501
14.6501
14.6501
14.6501
14.6501
14.6501
14.6501
14.6501
14.6501
14.6501
14.6501
14.6501
14.6501
14.6501
14.6501
14.6501
14.6501
14.6501
14.6501
14.6501
14.5926
14.5926
14.5926
14.5926
14.5926
14.5926
14.5926
14.5926
14.5926
14.5926
14.5926
14.5926
14.5926
14.5926
14.5926
14.5926
14.5926
14.5926
14.5926
14.5926
14.5352
14.5352
14.5352
14.5352
14.5352
14.5352
14.5352
14.5352
14.5352
14.5352
14.5352
14.5352
14.5352
14.5352
14.5352
14.5352
14.5352
14.5352
14.5352
14.5352
14.4778
14.4778
14.4778
14.4778
14.4778
14.4778
14.4778
14.4778
14.4778
14.4778
14.4778
14.4778
14.4778
14.4778
14.4778
14.4778
14.4778
14.4778
14.4778
14.4778
14.4203
14.4203
14.4203
14.4203
14.4203
14.4203
14.4203
14.4203
14.4203
14.4203
14.4203
14.4203
14.4203
14.4203
14.4203
14.4203
14.4203
14.4203
14.4203
14.4203
14.3629
14.3629
14.3629
14.3629
14.3629
14.3629
14.3629
14.3629
14.3629
14.3629
14.3629
14.3629
14.3629
14.3629
14.3629
14.3629
14.3629
14.3629
14.3629
14.3629
14.3054
14.3054
14.3054
14.3054
14.3054
14.3054
14.3054
14.3054
14.3054
14.3054
14.3054
14.3054
14.3054
14.3054
14.3054
14.3054
14.3054
14.3054
14.3054
14.3054
14.248
14.248
14.248
14.248
14.248
14.248
14.248
14.248
14.248
14.248
14.248
14.248
14.248
14.248
14.248
14.248
14.248
14.248
14.248
14.248
14.1906
14.1906
14.1906
14.1906
14.1906
14.1906
14.1906
14.1906
14.1906
14.1906
14.1906
14.1906
14.1906
14.1906
14.1906
14.1906
14.1906
14.1906
14.1906
14.1906
14.1331
14.1331
14.1331
14.1331
14.1331
14.1331
14.1331
14.1331
14.1331
14.1331
14.1331
14.1331
14.1331
14.1331
14.1331
14.1331
14.1331
14.1331
14.1331
14.1331
14.0757
14.0757
14.0757
14.0757
14.0757
14.0757
14.0757
14.0757
14.0757
14.0757
14.0757
14.0757
14.0757
14.0757
14.0757
14.0757
14.0757
14.0757
14.0757
14.0757
14.0182
14.0182
14.0182
14.0182
14.0182
14.0182
14.0182
14.0182
14.0182
14.0182
14.0182
14.0182
14.0182
14.0182
14.0182
14.0182
14.0182
14.0182
14.0182
14.0182
13.9608
13.9608
13.9608
13.9608
13.9608
13.9608
13.9608
13.9608
13.9608
13.9608
13.9608
13.9608
13.9608
13.9608
13.9608
13.9608
13.9608
13.9608
13.9608
13.9608
13.9034
13.9034
13.9034
13.9034
13.9034
13.9034
13.9034
13.9034
13.9034
13.9034
13.9034
13.9034
13.9034
13.9034
13.9034
13.9034
13.9034
13.9034
13.9034
13.9034
13.8459
13.8459
13.8459
13.8459
13.8459
13.8459
13.8459
13.8459
13.8459
13.8459
13.8459
13.8459
13.8459
13.8459
13.8459
13.8459
13.8459
13.8459
13.8459
13.8459
13.7885
13.7885
13.7885
13.7885
13.7885
13.7885
13.7885
13.7885
13.7885
13.7885
13.7885
13.7885
13.7885
13.7885
13.7885
13.7885
13.7885
13.7885
13.7885
13.7885
13.731
13.731
13.731
13.731
13.731
13.731
13.731
13.731
13.731
13.731
13.731
13.731
13.731
13.731
13.731
13.731
13.731
13.731
13.731
13.731
13.6736
13.6736
13.6736
13.6736
13.6736
13.6736
13.6736
13.6736
13.6736
13.6736
13.6736
13.6736
13.6736
13.6736
13.6736
13.6736
13.6736
13.6736
13.6736
13.6736
13.6162
13.6162
13.6162
13.6162
13.6162
13.6162
13.6162
13.6162
13.6162
13.6162
13.6162
13.6162
13.6162
13.6162
13.6162
13.6162
13.6162
13.6162
13.6162