715433
715433
715433
715433
715434
715434
715434
715434
715434
715434
715435
715435
715435
715435
715435
715435
715436
715436
715436
715436
715436
715436
715437
715437
715437
715437
715437
715437
715438
715438
715438
715438
715438
715438
715439
715439
715439
715439
715439
715439
715440
715440
715440
715440
715440
715440
715441
715441
715441
715441
715441
715442
715442
715442
715442
715442
715442
715443
715443
715443
715443
715443
715443
715444
715444
715444
715444
715444
715444
715445
715445
715445
715445
715445
715445
715446
715446
715446
715446
715446
715447
715447
715447
715447
715447
715447
715448
715448
715448
715448
715448
715448
715449
715449
715449
715449
715449
715450
715450
715450
715450
715450
715450
715451
715451
715451
715451
715451
715451
715452
715452
715452
715452
715452
715453
715453
715453
715453
715453
715453
715454
715454
715454
715454
715454
715454
715455
715455
715455
715455
715455
715456
715456
715456
715456
715456
715456
715457
715457
715457
715457
715457
715458
715458
715458
715458
715458
715458
715459
715459
715459
715459
715459
715460
715460
715460
715460
715460
715460
715461
715461
715461
715461
715461
715462
715462
715462
715462
715462
715462
715463
715463
715463
715463
715463
715464
715464
715464
715464
715464
715464
715465
715465
715465
715465
715465
715466
715466
715466
715466
715466
715466
715467
715467
715467
715467
715467
715468
715468
715468
715468
715468
715469
715469
715469
715469
715469
715469
715470
715470
715470
715470
715470
715471
715471
715471
715471
715471
715472
715472
715472
715472
715472
715472
715473
715473
715473
715473
715473
715474
715474
715474
715474
715474
715475
715475
715475
715475
715475
715475
715476
715476
715476
715476
715476
715477
715477
715477
715477
715477
715478
715478
715478
715478
715478
715479
715479
715479
715479
715479
715479
715480
715480
715480
715480
715480
715481
715481
715481
715481
715481
715482
715482
715482
715482
715482
715483
715483
715483
715483
715483
715484
715484
715484
715484
715484
715484
715485
715485
715485
715485
715485
715486
715486
715486
715486
715486
715487
715487
715487
715487
715487
715488
715488
715488
715488
715488
715489
715489
715489
715489
715489
715490
715490
715490
715490
715490
715491
715491
715491
715491
715491
715492
715492
715492
715492
715492
715493
715493
715493
715493
715493
715494
715494
715494
715494
715494
715495
715495
715495
715495
715495
715496
715496
715496
715496
715496
715497
715497
715497
715497
715497
715498
715498
715498
715498
715498
715499
715499
715499
715499
715499
715500
715500
715500
715500
715500
715501
715501
715501
715501
715501
715502
715502
715502
715502
715502
715503
715503
715503
715503
715503
715504
715504
715504
715504
715504
715505
715505
715505
715505
715505
715506
715506
715506
715506
715506
715507
715507
715507
715507
715507
715508
715508
715508
715508
715509
715509
715509
715509
715509
715510
715510
715510
715510
715510
715511
715511
715511
715511
715511
715512
715512
715512
715512
715512
715513
715513
715513
715513
715513
715514
715514
715514
715514
715515
715515
715515
715515
715515
715516
715516
715516
715516
715516
715517
715517
715517
715517
715517
715518
715518
715518
715518
715518
715519
715519
715519
715519
715520
715520
715520
715520
715520
715521
715521
715521
715521
715521
715522
715522
715522
715522
715523
715523
715523
715523
715523
715524
715524
715524
715524
715524
715525
715525
715525
715525
715525
715526
715526
715526
715526
715527
715527
715527
715527
715527
715528
715528
715528
715528
715528
715529
715529
715529
715529
715530
715530
715530
715530
715530
715531
715531
715531
715531
715532
715532
715532
715532
715532
715533
715533
715533
715533
715533
715534
715534
715534
715534
715535
715535
715535
715535
715535
715536
715536
715536
715536
715537
715537
715537
715537
715537
715538
715538
715538
715538
715538
715539
715539
715539
715539
715540
715540
715540
715540
715540
715541
715541
715541
715541
715542
715542
715542
715542
715542
715543
715543
715543
715543
715544
715544
715544
715544
715544
715545
715545
715545
715545
715546
715546
715546
715546
715546
715547
715547
715547
715547
715548
715548
715548
715548
715548
715549
715549
715549
715549
715550
715550
715550
715550
715550
715551
715551
715551
715551
715552
715552
715552
715552
715553
715553
715553
715553
715553
715554
715554
715554
715554
715555
715555
715555
715555
715555
715556
715556
715556
715556
715557
715557
715557
715557
715558
715558
715558
715558
715558
715559
715559
715559
715559
715560
715560
715560
715560
715560
715561
715561
715561
715561
715562
715562
715562
715562
715563
715563
715563
715563
715563
715564
715564
715564
715564
715565
715565
715565
715565
715566
715566
715566
715566
715566
715567
715567
715567
715567
715568
715568
715568
715568
715569
715569
715569
715569
715569
715570
715570
715570
715570
715571
715571
715571
715571
715572
715572
715572
715572
715573
715573
715573
715573
715573
715574
715574
715574
715574
715575
715575
715575
715575
715576
715576
715576
715576
715577
715577
715577
715577
715577
715578
715578
715578
715578
715579
715579
715579
715579
715580
715580
715580
715580
715581
715581
715581
715581
715581
715582
715582
715582
715582
715583
715583
715583
715583
715584
715584
715584
715584
715585
715585
715585
715585
715586
715586
715586
715586
715587
715587
715587
715587
715587
715588
715588
715588
715588
715589
715589
715589
715589
715590
715590
715590
715590
715591
715591
715591
715591
715592
715592
715592
715592
715593
715593
715593
715593
715594
715594
715594
715594
715594
715595
715595
715595
715595
715596
715596
715596
715596
715597
715597
715597
715597
715598
715598
715598
715598
715599
715599
715599
715599
715600
715600
715600
715600
715601
715601
715601
715601
715602
715602
715602
715602
715603
715603
715603
715603
715604
715604
715604
715604
715605
715605
715605
715605
715606
715606
715606
715606
715607
715607
715607
715607
715608
715608
715608
715608
715609
715609
715609
715609
715610
715610
715610
715610
715611
715611
715611
715611
715612
715612
715612
715612
715613
715613
715613
715613
715614
715614
715614
715614
715615
715615
715615
715615
715616
715616
715616
715616
715617
715617
715617
715617
715618
715618
715618
715618
715619
715619
715619
715619
715620
715620
715620
715620
715621
715621
715621
715621
715622
715622
715622
715622
715623
715623
715623
715623
715624
715624
715624
715624
715625
715625
715625
715625
715626
715626
715626
715626
715627
715627
715627
715627
715628
715628
715628
715628
715629
715629
715629
715630
715630
715630
715630
715631
715631
715631
715631
715632
715632
715632
715632
715633
715633
715633
715633
715634
715634
715634
715634
715635
715635
715635
715635
715636
715636
715636
715636
715637
715637
715637
715638
715638
715638
715638
715639
715639
715639
715639
715640
715640
715640
715640
715641
715641
715641
715641
715642
715642
715642
715642
715643
715643
715643
715644
715644
715644
715644
715645
715645
715645
715645
715646
715646
715646
715646
715647
715647
715647
715647
715648